CROSS-VALIDATION SPLIT REPORT

Total splits: 25

 rep  fold   tr_rows   va_rows   tr_ids   va_ids   tr_pos   va_pos   tr_pos%   va_pos%   id_ovlp
------------------------------------------------------------------------------------------------
   1     1     16270      4068    15145     3787     8135     2034    50.00%    50.00%         0
   1     2     16270      4068    15145     3787     8135     2034    50.00%    50.00%         0
   1     3     16271      4067    15146     3786     8135     2034    50.00%    50.01%         0
   1     4     16270      4068    15145     3787     8135     2034    50.00%    50.00%         0
   1     5     16271      4067    15147     3785     8136     2033    50.00%    49.99%         0
   2     1     16270      4068    15145     3787     8135     2034    50.00%    50.00%         0
   2     2     16270      4068    15145     3787     8135     2034    50.00%    50.00%         0
   2     3     16271      4067    15146     3786     8135     2034    50.00%    50.01%         0
   2     4     16270      4068    15145     3787     8135     2034    50.00%    50.00%         0
   2     5     16271      4067    15147     3785     8136     2033    50.00%    49.99%         0
   3     1     16270      4068    15145     3787     8135     2034    50.00%    50.00%         0
   3     2     16270      4068    15145     3787     8135     2034    50.00%    50.00%         0
   3     3     16270      4068    15145     3787     8135     2034    50.00%    50.00%         0
   3     4     16271      4067    15147     3785     8135     2034    50.00%    50.01%         0
   3     5     16271      4067    15146     3786     8136     2033    50.00%    49.99%         0
   4     1     16270      4068    15145     3787     8135     2034    50.00%    50.00%         0
   4     2     16270      4068    15145     3787     8135     2034    50.00%    50.00%         0
   4     3     16270      4068    15145     3787     8135     2034    50.00%    50.00%         0
   4     4     16271      4067    15147     3785     8136     2033    50.00%    49.99%         0
   4     5     16271      4067    15146     3786     8135     2034    50.00%    50.01%         0
   5     1     16270      4068    15145     3787     8135     2034    50.00%    50.00%         0
   5     2     16270      4068    15145     3787     8135     2034    50.00%    50.00%         0
   5     3     16270      4068    15145     3787     8135     2034    50.00%    50.00%         0
   5     4     16271      4067    15146     3786     8136     2033    50.00%    49.99%         0
   5     5     16271      4067    15147     3785     8135     2034    50.00%    50.01%         0

Distribution summary:
- train_pos_rate: mean=0.500000 std=0.000020 min=0.499969 max=0.500031
- valid_pos_rate: mean=0.500000 std=0.000079 min=0.499877 max=0.500123
- Group leakage check: PASSED (0 overlapping IDs in every split)